001098
000451
000213
000803
000736
000785
000640
000932
000199
000465
000674
000557
000375
000335
000316
001054
000255
000399
000668
000963
000119
000272
000479
000040
000415
000384
000067
000495
001029
000148
000074
000398
000440
000100
000807
000877
000511
000011
000062
000371
000013
001058
001094
000357
001022
000243
000106
000008
000365
000542
000884
000757
000345
000502
000056
001019
000478
000568
001000
000092
001046
000790
000681
000976
000075
000861
000049
000071
000326
000521
000747
001003
000821
000436
000204
001049
000627
000115
000037
000015
000031
001048
000560
000703
000945
000811
000186
000309
000766
000405
000267
000914
000566
000135
000721
000909
000636
000351
000724
000057
000274
000472
000409
000442
000045
000853
000765
000603
000027
000985
000333
000580
000779
000441
000471
000778
000944
000988
000614
000390
001005
000781
000281
000905
000833
001100
000362
001030
000079
000673
000775
000488
000556
000968
000678
000665
000553
001032
000795
000939
000773
000841
000998
000029
000576
000087
000679
000368
000869
000548
000716
000273
000167
000300
000817
000651
001016
000425
000701
000844
000457
000054
001020
000813
000172
001088
000028
000664
000933
000376
000114
000983
000955
000292
001051
000873
000068
001007
000216
000324
000473
000751
000600
000941
000253
000534
000466
001089
000722
000864
000512
000195
000018
000160
000837
000149
000197
000098
000053
001034
000290
000569
000838
001038
000284
000759
001090
000708
000088
000418
000175
000183
000426
001087
000002
001013
000639
